=====================================================
SIMULATED ANNEALING SEARCH STATISTICS
=====================================================
Algorithm : sa
Seed      : 0
Config ID : 0
Runtime   : 691.09 seconds
Iterations: 200
=====================================================

Iter | Temp | Best | ArchiveSize
------------------------------------------
   0 | 186.0819 |   951.573872 |          1
   1 | 185.1515 |   949.173758 |          1
   2 | 184.2257 |   947.195510 |          1
   3 | 183.3046 |   947.195510 |          1
   4 | 182.3881 |   947.195510 |          1
   5 | 181.4761 |   947.195510 |          1
   6 | 180.5687 |   947.195510 |          1
   7 | 179.6659 |   947.195510 |          1
   8 | 178.7676 |   947.195510 |          1
   9 | 177.8737 |   947.195510 |          1
  10 | 176.9844 |   947.195510 |          1
  11 | 176.0994 |   947.195510 |          1
  12 | 175.2189 |   947.195510 |          1
  13 | 174.3428 |   947.195510 |          1
  14 | 173.4711 |   947.195510 |          1
  15 | 172.6038 |   947.195510 |          1
  16 | 171.7408 |   947.195510 |          1
  17 | 170.8820 |   947.195510 |          1
  18 | 170.0276 |   947.195510 |          1
  19 | 169.1775 |   947.195510 |          1
  20 | 168.3316 |   928.828489 |          1
  21 | 167.4900 |   928.828489 |          1
  22 | 166.6525 |   928.552892 |          1
  23 | 165.8192 |   928.552892 |          1
  24 | 164.9901 |   928.552892 |          1
  25 | 164.1652 |   928.552892 |          1
  26 | 163.3444 |   928.552892 |          1
  27 | 162.5276 |   928.552892 |          1
  28 | 161.7150 |   928.552892 |          1
  29 | 160.9064 |   928.552892 |          1
  30 | 160.1019 |   928.552892 |          1
  31 | 159.3014 |   928.552892 |          1
  32 | 158.5049 |   928.552892 |          1
  33 | 157.7124 |   928.552892 |          1
  34 | 156.9238 |   928.552892 |          1
  35 | 156.1392 |   928.552892 |          1
  36 | 155.3585 |   928.552892 |          1
  37 | 154.5817 |   924.641434 |          1
  38 | 153.8088 |   924.641434 |          1
  39 | 153.0397 |   920.156800 |          1
  40 | 152.2745 |   920.156800 |          1
  41 | 151.5132 |   920.156800 |          1
  42 | 150.7556 |   920.156800 |          1
  43 | 150.0018 |   920.156800 |          1
  44 | 149.2518 |   920.156800 |          1
  45 | 148.5056 |   920.156800 |          1
  46 | 147.7630 |   920.156800 |          1
  47 | 147.0242 |   920.156800 |          1
  48 | 146.2891 |   920.156800 |          1
  49 | 145.5576 |   920.156800 |          1
  50 | 144.8299 |   920.156800 |          1
  51 | 144.1057 |   920.156800 |          1
  52 | 143.3852 |   920.156800 |          1
  53 | 142.6683 |   920.156800 |          1
  54 | 141.9549 |   920.156800 |          1
  55 | 141.2451 |   920.156800 |          1
  56 | 140.5389 |   920.156800 |          1
  57 | 139.8362 |   920.156800 |          1
  58 | 139.1370 |   920.156800 |          1
  59 | 138.4414 |   920.156800 |          1
  60 | 137.7491 |   920.156800 |          1
  61 | 137.0604 |   920.156800 |          1
  62 | 136.3751 |   920.156800 |          1
  63 | 135.6932 |   920.156800 |          1
  64 | 135.0148 |   920.156800 |          1
  65 | 134.3397 |   920.156800 |          1
  66 | 133.6680 |   920.156800 |          1
  67 | 132.9996 |   920.156800 |          1
  68 | 132.3346 |   920.156800 |          1
  69 | 131.6730 |   920.156800 |          1
  70 | 131.0146 |   920.156800 |          1
  71 | 130.3595 |   920.156800 |          1
  72 | 129.7077 |   920.156800 |          1
  73 | 129.0592 |   920.156800 |          1
  74 | 128.4139 |   920.156800 |          1
  75 | 127.7718 |   920.156800 |          1
  76 | 127.1330 |   920.156800 |          1
  77 | 126.4973 |   920.156800 |          1
  78 | 125.8648 |   920.156800 |          1
  79 | 125.2355 |   920.156800 |          1
  80 | 124.6093 |   920.156800 |          1
  81 | 123.9863 |   920.156800 |          1
  82 | 123.3663 |   920.156800 |          1
  83 | 122.7495 |   920.156800 |          1
  84 | 122.1358 |   920.156800 |          1
  85 | 121.5251 |   920.156800 |          1
  86 | 120.9175 |   920.156800 |          1
  87 | 120.3129 |   920.156800 |          1
  88 | 119.7113 |   920.156800 |          1
  89 | 119.1128 |   920.156800 |          1
  90 | 118.5172 |   920.156800 |          1
  91 | 117.9246 |   920.156800 |          1
  92 | 117.3350 |   920.156800 |          1
  93 | 116.7483 |   920.156800 |          1
  94 | 116.1646 |   920.156800 |          1
  95 | 115.5837 |   920.156800 |          1
  96 | 115.0058 |   920.156800 |          1
  97 | 114.4308 |   920.156800 |          1
  98 | 113.8586 |   920.156800 |          1
  99 | 113.2893 |   920.156800 |          1
 100 | 112.7229 |   920.156800 |          1
 101 | 112.1593 |   920.156800 |          1
 102 | 111.5985 |   920.097337 |          1
 103 | 111.0405 |   915.241617 |          1
 104 | 110.4853 |   915.241617 |          1
 105 | 109.9329 |   915.241617 |          1
 106 | 109.3832 |   915.241617 |          1
 107 | 108.8363 |   915.241617 |          1
 108 | 108.2921 |   915.241617 |          1
 109 | 107.7506 |   915.241617 |          1
 110 | 107.2119 |   915.241617 |          1
 111 | 106.6758 |   915.241617 |          1
 112 | 106.1425 |   915.241617 |          1
 113 | 105.6117 |   915.241617 |          1
 114 | 105.0837 |   915.241617 |          1
 115 | 104.5583 |   915.241617 |          1
 116 | 104.0355 |   915.241617 |          1
 117 | 103.5153 |   915.241617 |          1
 118 | 102.9977 |   915.241617 |          1
 119 | 102.4827 |   915.241617 |          1
 120 | 101.9703 |   915.241617 |          1
 121 | 101.4605 |   915.241617 |          1
 122 | 100.9532 |   915.241617 |          1
 123 | 100.4484 |   915.241617 |          1
 124 |  99.9462 |   915.241617 |          1
 125 |  99.4464 |   915.241617 |          1
 126 |  98.9492 |   915.241617 |          1
 127 |  98.4544 |   915.241617 |          1
 128 |  97.9622 |   915.241617 |          1
 129 |  97.4724 |   915.241617 |          1
 130 |  96.9850 |   915.241617 |          1
 131 |  96.5001 |   915.241617 |          1
 132 |  96.0176 |   915.241617 |          1
 133 |  95.5375 |   915.241617 |          1
 134 |  95.0598 |   915.241617 |          1
 135 |  94.5845 |   915.241617 |          1
 136 |  94.1116 |   915.241617 |          1
 137 |  93.6410 |   915.241617 |          1
 138 |  93.1728 |   915.241617 |          1
 139 |  92.7069 |   915.241617 |          1
 140 |  92.2434 |   915.241617 |          1
 141 |  91.7822 |   915.241617 |          1
 142 |  91.3233 |   915.241617 |          1
 143 |  90.8667 |   915.241617 |          1
 144 |  90.4123 |   915.241617 |          1
 145 |  89.9603 |   915.241617 |          1
 146 |  89.5105 |   915.241617 |          1
 147 |  89.0629 |   915.241617 |          1
 148 |  88.6176 |   915.241617 |          1
 149 |  88.1745 |   915.241617 |          1
 150 |  87.7336 |   915.241617 |          1
 151 |  87.2950 |   915.241617 |          1
 152 |  86.8585 |   915.241617 |          1
 153 |  86.4242 |   915.241617 |          1
 154 |  85.9921 |   915.241617 |          1
 155 |  85.5621 |   915.241617 |          1
 156 |  85.1343 |   915.241617 |          1
 157 |  84.7086 |   915.241617 |          1
 158 |  84.2851 |   915.241617 |          1
 159 |  83.8637 |   915.241617 |          1
 160 |  83.4444 |   915.241617 |          1
 161 |  83.0271 |   915.241617 |          1
 162 |  82.6120 |   915.241617 |          1
 163 |  82.1989 |   915.241617 |          1
 164 |  81.7879 |   915.241617 |          1
 165 |  81.3790 |   915.241617 |          1
 166 |  80.9721 |   915.241617 |          1
 167 |  80.5673 |   915.241617 |          1
 168 |  80.1644 |   915.241617 |          1
 169 |  79.7636 |   915.241617 |          1
 170 |  79.3648 |   915.241617 |          1
 171 |  78.9680 |   915.241617 |          1
 172 |  78.5731 |   915.241617 |          1
 173 |  78.1802 |   915.241617 |          1
 174 |  77.7893 |   915.241617 |          1
 175 |  77.4004 |   915.241617 |          1
 176 |  77.0134 |   915.241617 |          1
 177 |  76.6283 |   915.241617 |          1
 178 |  76.2452 |   915.241617 |          1
 179 |  75.8640 |   915.241617 |          1
 180 |  75.4846 |   915.241617 |          1
 181 |  75.1072 |   915.241617 |          1
 182 |  74.7317 |   915.241617 |          1
 183 |  74.3580 |   915.241617 |          1
 184 |  73.9862 |   915.241617 |          1
 185 |  73.6163 |   915.241617 |          1
 186 |  73.2482 |   915.241617 |          1
 187 |  72.8820 |   915.241617 |          1
 188 |  72.5176 |   915.241617 |          1
 189 |  72.1550 |   915.241617 |          1
 190 |  71.7942 |   915.241617 |          1
 191 |  71.4352 |   915.241617 |          1
 192 |  71.0781 |   915.241617 |          1
 193 |  70.7227 |   915.241617 |          1
 194 |  70.3691 |   915.241617 |          1
 195 |  70.0172 |   915.241617 |          1
 196 |  69.6671 |   915.241617 |          1
 197 |  69.3188 |   915.241617 |          1
 198 |  68.9722 |   915.241617 |          1
 199 |  68.6273 |   915.241617 |          1
